var nums = new int[] { 13981,11,25,10535,19565,19379,19379,19379,19379,19379,
    19379,19379,19379,19379,19379,19379,19379,19379,19379,19379,19379,19379,
    19379,19379,19379,19379,19379,19379,19379,19379,19379,19379,72977,72977,
    72977,72977,72977,72977,72977,72977,72977,72977,72977,72977,72977,72977,
    72977,72977,72977,72977,72977,72977,72977,2269,2269,2269,2269,2269,2269,
    2269,2269,2269,2269,2269,2269,2269,2269,2269,2269,33533,155,145,4205,4495,
    725,29,29,145,25,725,5,145,5,5,155,155,5,5,5,1121,1121,59,59,59,361,19,19,
    19,1121,19,361,1121,1121,361,361,19,19,80246,4,2,2,2,37717,37717,37717,37717,
    37717,37717,37717,37717,37717,37717,37717,37717,37717,37717,37717,37717,37717,
    37717,37717,37717,37717,37717,37717,37717,37717,37717,37717,37717,37717,37717,
    37717,37717,37717,37717,37717,37717,37717,37717,37717,37717,37717,37717,37717,
    37717,37717,37717,37717,37717,37717,37717,37717,37717,37717,37717,37717,37717,
    37717,37717,37717,37717,37717,37717,37717,37717,37717,37717,37717,37717,37717,
    37717,37717,37717,37717,37717,37717,37717,37717,37717,37717,37717,37717,37717,
    37717,37717,37717,37717,37717,37717,37717,37717,37717,37717,37717,37717,37717,
    37717,37717,37717,37717,37717,37717,37717,37717,37717,37717,37717,37717,37717,
    37717,37717,37717,37717,37717,37717,37717,37717,37717,37717,37717,37717,37717,
    37717,37717,37717,37717,37717,37717,37717,37717,37717,37717,37717,37717,37717,
    37717,37717,37717,37717,37717,37717,37717,37717,37717,37717,37717,37717,37717,
    37717,37717,37717,37717,37717,37717,37717,37717,37717,37717,37717,37717,37717,
    37717,37717,37717,37717,37717,37717,37717,37717,37717,37717,37717,37717,37717,
    37717,37717,37717,37717,37717,37717,37717,37717,37717,37717,37717,37717,37717,
    37717,37717,37717,37717,37717,37717,37717,37717,37717,37717,37717,37717,37717,
    37717,37717,37717,37717,37717,37717,37717,37717,37717,37717,37717,37717,37717,
    37717,37717,37717,37717,37717,37717,37717,37717,37717,37717,37717,37717,37717,37717,37717,37717,37717,37717,37717,37717,37717,37717,37717,37717,37717,37717,37717,37717,37717,37717,37717,37717,37717,37717,37717,37717,37717,37717,37717,37717,37717,37717,37717,37717,37717,37717,37717,37717,37717,37717,37717,37717,37717,37717,37717,37717,37717,37717,37717,37717,37717,37717,37717,37717,37717,37717,37717,37717,37717,37717,37717,37717,37717,37717,37717,37717,37717,37717,37717,37717,37717,37717,37717,37717,37717,37717,37717,37717,37717,37717,37717,37717,37717,37717,37717,37717,37717,37717,37717,37717,37717,37717,37717,37717,37717,37717,37717,37717,37717,37717,37717,37717,37717,37717,37717,37717,37717,37717,37717,37717,37717,37717,37717,37717,37717,37717,37717,37717,37717,37717,37717,37717,37717,37717,37717,37717,37717,37717,37717,37717,37717,37717,37717,37717,37717,37717,37717,37717,37717,37717,37717,37717,37717,37717,37717,37717,
    4042,86,2,172,86,4042,4042,172,3698,172,2,172,86,2,172,43,1849,3698,13,121,143,143,11,11,11,143,143,93,31,31,
    44797,44797,44797,44797,44797,44797,44797,44797,44797,44797,44797,44797,44797,44797,44797,44797,44797,44797,44797,44797,44797,44797,44797,44797,44797,44797,44797,44797,44797,44797,44797,44797,44797,44797,44797,44797,44797,44797,44797,44797,44797,44797,44797,44797,44797,44797,44797,44797,44797,44797,44797,44797,44797,44797,44797,44797,44797,44797,44797,44797,44797,44797,44797,44797,44797,44797,44797,44797,44797,44797,44797,44797,44797,44797,44797,44797,44797,44797,44797,44797,44797,44797,44797,44797,44797,44797,44797,44797,44797,44797,44797,44797,44797,44797,44797,44797,44797,44797,44797,44797,44797,44797,44797,44797,44797,44797,44797,44797,44797,44797,44797,44797,44797,44797,44797,44797,44797,44797,44797,44797,44797,44797,44797,44797,44797,44797,44797,44797,44797};

IList<int> ReplaceNonCoprimes(int[] nums)
{
    var result = new List<int>();
    for (var i = 0; i < nums.Length; i++)
    {
        var current = nums[i];
        while (result.Count > 0)
        {
            var top = result[result.Count - 1];
            var gcd = GCD(top, current);
            if (gcd > 1)
            {
                result.RemoveAt(result.Count - 1);
                current = top * (current / gcd);
            }
            else
            {
                break;
            }
        }

        result.Add(current);
    }


    return result;
}

long LCM(int a, int b, int g)
{
    // LCM = (a / gcd) * b
    return (long)a / g * b;
}

int GCD(int x, int y)
{
    while (y != 0)
    {
        var temp = y;
        y = x % y;
        x = temp;
    }

    return x;
}

var test = ReplaceNonCoprimes(nums);
for (int i = 0; i < test.Count; i++)
{
    Console.WriteLine(test[i]);
}